1 300000
2 300000
3 300000
4 480000
5 300000
6 530000
7 400000
8 380000
9 550000
10 300000
11 420000
12 500000
13 300000
14 820000
15 1276000
16 556000
17 436000
18 897000
19 777000
20 763000
21 350000
22 400000
23 763000
24 903000
25 833000
26 973000
27 973000
28 903000
29 833000
30 875000
31 875000
32 495000
33 595000
35 200000
36 200000
37 200000
38 250000
39 805000
40 693000
41 250000
42 483000
43 553000
44 525000
45 973000
46 833000
47 945000
48 545000
49 903000
50 623000
51 745000
52 890000
53 903000
54 875000
55 833000
56 150000
57 1000
58 150000
59 50000
60 1323000
61 1603000
62 995000
63 1345000
64 1603000
65 2443000
66 1603000
67 1393000
68 8050000
69 5593000
70 747000
71 747000
72 657000
73 537000
74 693000
75 1043000
76 645000
77 973000
83 595000
84 595000
85 553000
86 1043000
87 1393000
88 1533000
89 945000
90 763000
91 693000
92 805000
93 1533000
94 1175000
95 1673000
96 1045000
97 1183000
98 1323000
99 1253000
100 1393000
101 1603000
102 1113000
103 1323000
104 1113000
105 1113000
106 945000
107 1113000
108 763000
109 693000
110 1603000
111 1200000
112 623000